  3.4117385e+000  2.3848169e+000
  2.7576214e+000  1.2642544e+000
  2.0869184e+000  2.3215549e+000
  2.4230567e+000  1.0263056e+000
  1.1489915e+000  3.4418510e+000
  4.0574372e+000  1.8657164e+000
  2.0674445e+000  2.8475339e+000
  4.1801241e+000  4.5484019e+000
  2.3166475e+000  2.4346524e+000
  3.0552351e+000  3.5208564e+000
  2.3772659e-001  2.2081539e+000
  1.1433357e+000  1.5270300e+000
  3.5102347e+000  7.8406601e-001
  1.2189301e+000  1.4369029e+000
  2.6974641e+000  3.3084124e+000
  1.5580109e+000  2.9497706e+000
  1.8308502e+000  6.4857859e-001
  3.5543420e-001  1.6699116e+000
  4.5132900e-001  3.2712936e-001
  3.1924696e+000  2.2754935e+000
  1.9410974e+000  3.0789387e+000
  1.0244780e+000  9.9716286e-001
  1.0655304e+000 -1.4877909e+000
  3.0431543e+000  2.7487036e+000
  1.9273073e+000  5.7933900e+000
  2.6198230e+000  2.5537548e+000
  2.4778474e+000  2.2656136e+000
  2.9148920e+000  2.2481384e+000
  2.4824728e+000  3.0676246e+000
  3.6510743e-001  4.4357317e+000
  2.4515426e+000  3.7529539e+000
  3.3633688e+000  1.6667727e+000
  2.8813697e+000  1.9245475e+000
 -8.9431515e-001  2.2024073e+000
  1.6628506e+000  8.6717527e-001
  1.6030961e+000  3.3079298e+000
  2.3821904e+000  2.0999957e+000
  1.3742861e+000  3.7922327e+000
  1.9931716e+000  1.6688552e+000
  3.9484836e+000  3.9065368e+000
  3.0260314e+000 -3.9948737e-001
  2.3215490e+000  4.1142203e+000
  8.7308503e-001  6.1869211e-002
  1.9099559e+000  6.2872889e-001
  2.1754257e+000  1.9641744e+000
  1.3184653e+000  1.3909241e-001
  1.5863628e+000  2.4695027e+000
  2.5003921e+000  2.5651926e+000
  3.8892884e+000  3.5050762e+000
 -9.7556962e-001  1.4129855e+000
  6.6071685e-001  2.4111879e+000
  3.3603129e+000  2.2036304e+000
  2.7027118e+000  2.7576536e+000
  1.6658022e+000  2.6701141e+000
  2.4991326e+000  6.9993862e-001
  8.0704888e-001  4.0465185e+000
  7.5398678e-001  1.4401440e+000
  2.3818258e+000  7.9810977e-001
  3.8385920e+000  6.9541695e-001
  2.9066425e+000  3.3532450e+000
  1.3785064e+000  1.7102116e+000
  3.0717987e+000  5.1834262e+000
  1.6940773e+000  1.6628438e+000
  1.1128447e+000  1.7320968e+000
  1.4546742e+000  2.4024541e+000
  1.2506151e+000  4.7348618e-001
  1.7414232e+000  1.5666875e+000
  2.6789845e+000 -1.4107104e-002
  7.0237756e-001  3.1760103e+000
  2.4230349e+000  2.2707547e+000
  3.3728966e+000  4.1594117e-001
  2.1779819e+000  1.9880324e+000
  2.8503756e+000  1.4226624e+000
  1.9319429e+000  3.5881475e+000
  4.4492815e+000  3.5585707e+000
  3.1190358e+000  2.7019098e+000
 -2.0953501e-001  2.4995445e+000
  2.0381656e+000  2.8748517e+000
 -2.0193447e-001  9.7296249e-001
  3.2454956e+000  2.3456299e+000
  2.4753183e+000  1.4209672e+000
  2.7728970e+000  2.9519289e+000
  3.0583222e+000  1.6881722e+000
  4.1258244e+000  4.1771181e+000
  1.6066080e+000  2.1127225e+000
  1.8286166e+000  3.4461571e+000
  2.7441657e+000  1.8607413e+000
  3.1843542e+000  8.2593822e-002
  6.3986696e-001  2.3467869e+000
  1.3270620e+000  1.6626498e+000
  2.0441359e+000  2.1796629e-001
 -1.0224222e+000  2.1817721e+000
  3.4040819e+000  2.2325486e+000
  7.4813587e-001  1.4592398e+000
  3.3978001e+000  3.5737786e+000
  1.0396579e+000  9.3625444e-001
  2.7673089e+000  7.6740402e-001
  2.9929206e+000  1.9006601e+000
  1.7816800e+000  2.3840395e+000
  2.6793808e+000  1.2865988e+000
  1.8407369e+000  1.5781979e+000
  2.6692887e+000  5.9104311e-001
  6.6175139e-001  4.3466300e+000
  1.1067031e+000  4.2615999e+000
  3.7032066e+000  5.8091782e-002
  1.2417376e+000  4.2558837e+000
  2.2839245e+000  8.1701347e-001
  6.6725379e-002  1.5346877e+000
  1.5076191e+000  2.5770991e+000
  1.0588206e+000  1.5103206e+000
  1.6763458e+000  3.5275099e+000
  3.1826469e+000  3.3861834e+000
  3.1842581e+000 -3.2209891e-002
  3.4178985e+000  6.0852170e-001
  2.1893069e+000  9.8187732e-001
  2.6028568e+000  2.4142449e+000
  7.1276805e-001  1.3779574e+000
  1.4477419e+000  2.7602513e+000
  3.5398899e+000  2.1799880e+000
  3.0880803e+000  6.7006429e-001
  2.5289309e+000  2.0732537e+000
  4.7941551e-001  9.9622682e-001
  2.3903092e+000  1.1407045e+000
  2.4698119e+000  3.5954541e+000
  1.5031780e+000 -9.4934497e-002
  2.3509829e+000 -5.4044000e-001
  5.1147030e+000  2.5000336e+000
  1.4391449e+000  1.7524047e-002
  3.7575920e-002  1.7330618e+000
 -1.2493468e+000  2.2007131e+000
  1.0721866e+000  1.5792014e+000
  1.1754809e+000  1.2119397e+000
  5.7138223e-001  1.6764689e+000
  4.4668269e+000  3.3695154e+000
  3.1729120e+000  1.1287210e+000
  2.8104416e+000  2.6380943e+000
  2.5063710e+000  1.1461560e+000
 -1.4963846e+000  2.5976887e+000
  4.0449553e+000  1.0249472e+000
  2.0295973e+000  3.3496704e+000
  8.9916940e-001  2.1301239e+000
 -5.0023042e-001  3.8381729e+000
  2.1039439e+000  2.2933372e+000
  4.5326734e+000  2.9550354e+000
  2.4394810e+000  3.4705372e+000
  3.0241557e+000  2.4304059e+000
  1.7713341e+000  1.4351669e+000
  3.2485612e+000  1.7670790e+000
  1.3871686e-001  7.3393609e-001
  3.1686063e+000 -5.9170522e-001
  2.6352417e+000  2.0855476e+000
  1.7714356e+000  2.5610695e+000
  2.2372880e+000  2.2121938e+000
  3.9289322e+000  1.5309480e+000
  2.0347843e+000  1.3976812e+000
  3.0764960e+000  3.2824849e+000
  4.1643891e-001  2.3782510e+000
  3.4331564e+000  3.8505557e+000
  4.2049217e+000  2.9053675e+000
  1.2853914e+000  3.6871033e+000
  7.6710567e-001  2.3108398e-001
  8.2809763e-001  1.5880393e+000
  2.8358076e+000  3.1102034e+000
  1.0734975e+000  4.1281799e+000
  1.8777768e+000 -1.7768009e-001
  2.8540438e-001  2.0090545e+000
  3.2486803e+000  4.2757224e+000
  1.0719705e+000  2.0994451e+000
  3.0582181e+000  1.1410521e+000
  2.9208581e+000  1.5840771e-001
  1.7939610e+000  1.8228350e+000
  2.3614278e+000  2.3564994e+000
  1.6036706e+000  2.1672002e+000
  1.5478224e+000  1.6859419e+000
  3.3910030e+000  1.9347514e+000
  2.0460145e+000  2.6823981e+000
  6.6089400e-001  3.0232582e+000
  3.9001194e+000  1.7363335e-002
  7.2121825e-001  2.7085098e+000
  2.5095043e+000  1.1643269e+000
  9.6920608e-001  2.5892118e+000
  1.6168444e+000  1.1627721e+000
  2.4792205e+000  3.3968730e+000
  3.2717440e+000  3.1096352e+000
  1.5813913e+000  9.2904722e-001
  2.4044464e+000  1.1865177e+000
  1.7265729e+000  3.9553518e+000
  2.0158917e+000  3.0599724e+000
  5.4625143e-001 -4.3742412e-001
  1.8356274e+000  2.5256607e+000
  3.8038467e+000  2.3811240e+000
  9.7843610e-001  8.0538608e-001
  4.1421513e-001  3.5775543e-001
  3.9091245e+000  2.3239505e+000
  3.4130592e+000  4.5386596e-001
  2.9516154e+000  2.7128854e+000
  2.1892507e-001  1.8213822e+000
  3.8852191e+000 -2.0163535e-001
  1.2693054e+000  2.8816622e+000
  5.2411994e-001  7.9401572e-001
  1.1415081e+000  1.2801467e+000
  2.4289188e+000  4.2036573e+000
  2.7889790e+000  1.5964596e+000
  2.2578170e+000  1.6919171e+000
  1.6748681e+000  3.0908209e+000
  4.1866499e+000  3.4677597e+000
  1.2140591e+000  1.2600574e+000
  2.1288251e+000  1.0630807e+000
  1.1216105e+000  8.6072061e-001
  2.5069563e+000  2.5453019e+000
 -3.5178008e-001  1.6272416e+000
  2.7982953e+000  2.3606106e+000
  6.5547262e-001  3.3852830e+000
  1.8704847e+000  3.2357662e+000
  7.0738736e-001  8.6895876e-001
  4.9008627e-001  8.0686853e-001
 -3.0085047e-001  2.7510553e+000
  8.1219036e-001  2.4889726e+000
  2.2534952e+000  2.8881482e+000
  2.5954675e+000  2.3013129e+000
  3.8763584e+000 -2.1218871e-002
  2.7796156e+000  7.8675955e-001
 -6.1583320e-001  1.1585361e+000
  7.4501785e-001  1.4976761e+000
  1.8235497e+000  2.0010648e+000
 -1.0757416e+000  1.8459305e+000
  1.6152013e+000  1.1579759e+000
  1.2740677e+000  2.1951558e+000
  2.3996147e+000  2.0552494e+000
  2.6749766e+000  1.6323934e+000
  3.0895268e+000  1.4293054e+000
  1.7514459e+000  2.2727722e-001
  1.7115312e+000  3.2090862e+000
  3.7581197e+000  3.4433942e+000
  4.2276047e+000  2.4946378e+000
  1.5301881e+000  7.4359047e-001
  2.1841673e+000  2.4516260e+000
  8.2305308e-001  3.8285795e-001
  2.0427643e+000  2.2146510e+000
  2.9261232e+000  2.4145361e+000
  1.2729659e+000  3.1679290e+000
  2.1539764e+000  3.3701992e+000
  2.0382145e+000  2.8508608e+000
  1.2363163e+000  4.7246719e-001
  1.3395170e+000  3.1183081e+000
  4.2808773e+000  6.6046645e-001
  7.7540118e-001  6.2172424e-001
  1.3909715e+000  5.4062398e+000
  1.6694914e-001  1.5788547e+000
  1.8796275e+000  1.3110433e+000
