  7.5750302e+000  9.0008038e+000
  6.2015141e+000  6.7801471e+000
  7.7564354e+000  6.2240775e+000
  6.9095244e+000  6.3641835e+000
  6.8939672e+000  9.2492948e+000
  6.3563567e+000  9.5200921e+000
  7.1979956e+000  6.7899133e+000
  5.7640368e+000  6.7448900e+000
  8.2105773e+000  7.0331484e+000
  6.3963551e+000  6.0720884e+000
  6.4811509e+000  5.8564494e+000
  5.9174048e+000  5.9429700e+000
  6.5625996e+000  6.0370267e+000
  9.0184447e+000  6.1039631e+000
  7.7061532e+000  5.0683643e+000
  4.5709822e+000  7.4818236e+000
  6.0743076e+000  6.2654671e+000
  6.5781136e+000  5.8532543e+000
  5.8624964e+000  1.0009511e+001
  6.6668231e+000  6.3125654e+000
  6.2836324e+000  7.9843605e+000
  8.2491974e+000  7.3429020e+000
  6.3970554e+000  5.3225846e+000
  5.5683113e+000  7.4542954e+000
  7.4118947e+000  8.9469816e+000
  5.4834794e+000  8.2289302e+000
  7.1890828e+000  7.1379761e+000
  8.7223524e+000  9.4123578e+000
  7.2604796e+000  6.3111422e+000
  8.0264546e+000  6.7685007e+000
  7.3188734e+000  9.0029913e+000
  6.5811967e+000  8.9022396e+000
  8.5198926e+000  6.1633307e+000
  5.0093161e+000  5.9914661e+000
  1.0560557e+001  8.3966693e+000
  7.2992856e+000  6.4775210e+000
  7.8678403e+000  6.6614376e+000
  6.5711634e+000  7.1286345e+000
  5.7242339e+000  5.8876244e+000
  4.8653501e+000  5.8813493e+000
  8.7434809e+000  8.3637300e+000
  5.3344117e+000  5.7031023e+000
  6.1227662e+000  6.4997008e+000
  6.8466355e+000  7.4527472e+000
  5.7465515e+000  6.7726705e+000
  7.2919802e+000  6.5333425e+000
  7.1147471e+000  7.9423242e+000
  6.2389162e+000  4.3770623e+000
  7.6193272e+000  5.7829297e+000
  5.8061865e+000  7.1559600e+000
  6.2713787e+000  7.9235174e+000
  8.0405137e+000  5.9224452e+000
  7.2412632e+000  8.0932890e+000
  7.5565552e+000  6.3112356e+000
  8.6024235e+000  8.0460813e+000
  7.6115771e+000  4.7461215e+000
  6.9379356e+000  6.1384104e+000
  7.4337516e+000  8.5042837e+000
  7.8393935e+000  7.7394081e+000
  4.9803900e+000  3.5894650e+000
  6.8413749e+000  5.7542292e+000
  5.6180904e+000  5.2316070e+000
  7.7603063e+000  5.3651742e+000
  8.1826522e+000  7.2100354e+000
  8.4164785e+000  8.3773152e+000
  6.0081279e+000  5.4385055e+000
  6.4702281e+000  9.5088175e+000
  8.4757199e+000  8.8132418e+000
  7.3163348e+000  7.0073970e+000
  6.6487471e+000  7.9445878e+000
  6.8676675e+000  6.1984504e+000
  7.2789809e+000  6.2935074e+000
  8.0207470e+000  7.2229213e+000
  6.5303463e+000  6.8774680e+000
  6.1167700e+000  5.7051623e+000
  7.1589584e+000  8.6711757e+000
  7.2969734e+000  6.3121013e+000
  7.0131334e+000  9.3728107e+000
  7.8762933e+000  7.5685423e+000
  1.0101993e+001  7.0113280e+000
  8.4705832e+000  6.7264805e+000
  5.5446441e+000  5.6090783e+000
  6.5946366e+000  8.4278324e+000
  4.8961045e+000  5.5536775e+000
  6.0167698e+000  6.8384871e+000
  8.4660054e+000  4.6960960e+000
  8.9844330e+000  5.8440152e+000
  9.8191320e+000  7.7029185e+000
  6.1165130e+000  7.3243334e+000
  8.0875415e+000  6.3069582e+000
  6.4009410e+000  7.0676603e+000
  8.6901639e+000  7.0557836e+000
  8.4367753e+000  7.1256114e+000
  6.6316420e+000  5.8520657e+000
  4.2659474e+000  6.7728132e+000
  6.9828593e+000  7.7027515e+000
  5.6333079e+000  9.3975907e+000
  5.7981512e+000  7.1900658e+000
  6.5585451e+000  1.1231375e+001
  5.2801391e+000  5.8769167e+000
  9.0439535e+000  8.3988467e+000
  6.7766742e+000  7.9546972e+000
  6.1252697e+000  7.4033323e+000
  6.9878592e+000  9.7100680e+000
  5.1935117e+000  5.7663215e+000
  8.4582159e+000  8.5453593e+000
  6.2999807e+000  7.4556501e+000
  7.5349676e+000  8.8257743e+000
  6.8576357e+000  6.2726835e+000
  5.1901975e+000  6.9542278e+000
  5.9442047e+000  6.5158225e+000
  7.2333152e+000  6.7506914e+000
  8.1352194e+000  7.1593037e+000
  7.4910213e+000  7.0472569e+000
  7.9780589e+000  7.4806546e+000
  5.9967958e+000  8.6707440e+000
  8.8407881e+000  6.2101994e+000
  9.6187195e+000  7.5495219e+000
  8.4146622e+000  7.2703528e+000
  5.3839827e+000  8.5187468e+000
  7.5851075e+000  5.4089992e+000
  7.5016697e+000  5.0254259e+000
  6.4721536e+000  5.6014210e+000
  6.9768663e+000  7.6423109e+000
  6.2890461e+000  6.2821222e+000
  7.3322090e+000  6.0376777e+000
  7.1975751e+000  4.4767147e+000
  7.9318991e+000  6.1311561e+000
  7.1874080e+000  5.9892169e+000
  7.0764981e+000  5.7813558e+000
  7.3887962e+000  8.1988237e+000
  6.5588152e+000  7.8877606e+000
  4.9327665e+000  5.3022516e+000
  7.7042065e+000  6.8252486e+000
  6.6634147e+000  6.7109147e+000
  7.2501786e+000  6.7963722e+000
  8.0374504e+000  9.1860122e+000
  6.3499716e+000  6.9008918e+000
  5.6707939e+000  4.4094466e+000
  4.6186601e+000  6.2442351e+000
  5.9294488e+000  7.8849701e+000
  8.4392263e+000  7.9709485e+000
  7.1300382e+000  7.6464452e+000
  7.8642295e+000  7.5213485e+000
  8.9442960e+000  4.3597184e+000
  6.4480713e+000  6.7470309e+000
  7.8926691e+000  5.9423992e+000
  9.1151896e+000  7.4251465e+000
  5.5746174e+000  8.0656861e+000
  5.7483674e+000  5.9501474e+000
  6.7118841e+000  6.1532057e+000
  7.2891587e+000  7.4393276e+000
  5.9250179e+000  7.7819522e+000
  6.1741223e+000  7.1410632e+000
  4.2750786e+000  7.1003895e+000
  5.0474943e+000  6.8416608e+000
  7.1864877e+000  7.1272288e+000
  9.0414437e+000  5.9643367e+000
  6.3073164e+000  9.7561648e+000
  9.5024818e+000  6.5510643e+000
  6.6714347e+000  8.8335098e+000
  5.8795484e+000  7.7432101e+000
  8.0308915e+000  6.5190328e+000
  5.5576256e+000  6.9907751e+000
  9.6147704e+000  7.4748299e+000
  6.1509883e+000  6.7275415e+000
  6.7922817e+000  8.1941745e+000
  7.0552181e+000  8.6046217e+000
  5.3767117e+000  5.5158130e+000
  8.0018927e+000  6.6041787e+000
  6.7536508e+000  8.3353657e+000
  9.6207797e+000  5.4096115e+000
  5.7065959e+000  5.1986803e+000
  7.0778379e+000  6.4498967e+000
  5.7293570e+000  6.1698262e+000
  6.1996815e+000  7.5215069e+000
  6.8424860e+000  7.5363609e+000
  6.7520288e+000  5.7402129e+000
  5.9267230e+000  5.3056576e+000
  7.5486773e+000  7.0415213e+000
  1.0246857e+001  7.0456700e+000
  6.6244529e+000  6.9838882e+000
  7.0117942e+000  5.8451065e+000
  5.0361771e+000  8.2258010e+000
  8.5930204e+000  6.5928712e+000
  6.3900061e+000  6.1357046e+000
  5.8502888e+000  5.8626537e+000
  5.4269902e+000  7.3546284e+000
  8.0768361e+000  7.6096474e+000
  7.3734103e+000  6.7995203e+000
  4.6345802e+000  9.6268827e+000
  9.0587904e+000  5.0481713e+000
  6.3908291e+000  6.5084683e+000
  6.1506345e+000  8.3447740e+000
  6.3762303e+000  6.0842150e+000
  7.5349700e+000  7.5362274e+000
  6.1524164e+000  5.9474317e+000
  7.5331783e+000  8.1509201e+000
  8.0714911e+000  6.5055683e+000
  7.6368885e+000  6.3551413e+000
  7.8004407e+000  6.0442847e+000
  7.6448719e+000  6.9804376e+000
  7.8128324e+000  9.4220482e+000
  4.9869009e+000  5.7088526e+000
  6.6634272e+000  8.0810777e+000
  6.8115945e+000  5.2218208e+000
  8.6503885e+000  6.3559599e+000
  5.1231548e+000  5.9347241e+000
  7.0073401e+000  7.7690090e+000
  6.5234581e+000  5.7904418e+000
  7.3907321e+000  6.1812358e+000
  7.8443945e+000  7.5018555e+000
  8.0416853e+000  9.3730617e+000
  6.2412869e+000  5.0599347e+000
  6.2874980e+000  5.0615263e+000
  5.9106234e+000  6.8491952e+000
  8.3047474e+000  7.7716497e+000
  7.0109818e+000  8.0135463e+000
  6.1063635e+000  7.6713998e+000
  9.3911688e+000  6.6262009e+000
  6.9249392e+000  8.3719086e+000
  7.0974877e+000  7.6419376e+000
  6.2828257e+000  6.9500967e+000
  6.4587607e+000  6.9614285e+000
  7.9201933e+000  7.3057237e+000
  5.5829893e+000  7.5881487e+000
  8.6150045e+000  8.8490014e+000
  7.7071869e+000  6.3795423e+000
  6.2288523e+000  6.6023726e+000
  6.9523565e+000  6.6662896e+000
  6.1710370e+000  6.1963188e+000
  8.3069832e+000  6.2329848e+000
  7.8355046e+000  6.5989940e+000
  6.2972648e+000  8.9312829e+000
  6.8777062e+000  8.9639384e+000
  8.3803020e+000  5.8700525e+000
  6.6144419e+000  7.1925586e+000
  6.8165594e+000  4.1694284e+000
  6.7732268e+000  8.7566808e+000
  5.5877613e+000  7.0295803e+000
  6.6906069e+000  6.5428147e+000
  9.1348886e+000  7.7532397e+000
  5.2035457e+000  6.7052293e+000
  8.2777137e+000  9.4369047e+000
  8.5067443e+000  5.9291219e+000
  5.2415145e+000  6.1175885e+000
  8.0879214e+000  8.4922963e+000
  6.1584589e+000  7.0498645e+000
  8.0769977e+000  8.8713123e+000
  6.3193988e+000  6.9220194e+000
  7.9044184e+000  7.6167778e+000
  7.8158531e+000  6.5187109e+000
  7.8189726e+000  8.8506882e+000
  5.4141062e+000  4.0095203e+000
  5.6960640e+000  5.9135650e+000
  8.6888838e+000  7.3909140e+000
  6.9543507e+000  7.9758267e+000
  4.2904828e+000  6.7754908e+000
  6.1599561e+000  7.6259030e+000
  7.0095089e+000  6.4093448e+000
  5.7093701e+000  7.4599799e+000
  8.8127433e+000  6.2968560e+000
  7.3809452e+000  9.5494127e+000
  6.9064850e+000  7.0382416e+000
  6.9510463e+000  7.2620924e+000
  5.3651859e+000  7.2664930e+000
  7.6407508e+000  9.2031827e+000
  6.3858097e+000  6.9027412e+000
  7.4399723e+000  7.3664601e+000
  8.2817777e+000  4.8885177e+000
  5.5373261e+000  4.8016170e+000
  7.6031828e+000  6.7043381e+000
  6.6059274e+000  9.6036868e+000
  6.3451589e+000  6.3423498e+000
  8.4977475e+000  7.6894704e+000
  8.2615897e+000  7.3842752e+000
  7.0666944e+000  6.6675164e+000
  6.0956200e+000  7.7591993e+000
  5.6833126e+000  5.1567555e+000
  6.1733661e+000  8.5524181e+000
  7.2277630e+000  7.1731544e+000
  8.5370736e+000  7.3536193e+000
  8.3319420e+000  4.8606231e+000
  5.0046908e+000  8.4076834e+000
  6.4238286e+000  6.5046664e+000
  6.7716914e+000  7.4683125e+000
  8.6192665e+000  5.2675001e+000
  5.4735714e+000  6.9088219e+000
  7.5047741e+000  6.8183657e+000
  8.6329356e+000  6.8791464e+000
  5.6463010e+000  3.9876347e+000
  7.7810903e+000  6.1535341e+000
  7.7851989e+000  7.6741848e+000
  6.7312946e+000  6.5286614e+000
  5.9731626e+000  6.6475467e+000
  6.7655779e+000  4.9491378e+000
  9.1913512e+000  8.2011418e+000
  7.1203931e+000  6.5398276e+000
  7.4640035e+000  6.3998352e+000
  7.7472116e+000  6.7639202e+000
  5.3369628e+000  8.1830298e+000
  7.3961352e+000  7.8398466e+000
  9.1662451e+000  7.4149718e+000
  4.9895940e+000  6.2649513e+000
  9.0028236e+000  5.2688842e+000
  4.2826725e+000  7.6511073e+000
  6.0511418e+000  6.0449817e+000
  6.2520523e+000  5.5513820e+000
  8.0951571e+000  7.0442716e+000
  5.5471539e+000  4.8276839e+000
  8.4921497e+000  8.6437849e+000
  5.0695004e+000  7.4446023e+000
  6.3872985e+000  6.9358762e+000
  9.6860016e+000  7.1745073e+000
  6.1016765e+000  8.5098722e+000
  9.4029588e+000  8.0334564e+000
  4.3596573e+000  7.3636484e+000
  5.9039010e+000  6.7626088e+000
  7.2054871e+000  7.0616440e+000
  8.7045601e+000  7.3726617e+000
  1.0571833e+001  6.7334541e+000
  9.2942476e+000  8.7686003e+000
  7.2093116e+000  7.0464493e+000
  5.4566735e+000  6.2369164e+000
  5.4783146e+000  9.0933362e+000
  5.7395311e+000  7.3371012e+000
  7.6259128e+000  6.6464382e+000
  7.0247268e+000  6.2366407e+000
  5.5447209e+000  6.6780414e+000
  7.1744366e+000  5.5193206e+000
  4.6767997e+000  6.5301714e+000
  7.7463639e+000  5.4838113e+000
  8.4466369e+000  6.8516886e+000
  8.5609620e+000  8.4876877e+000
  7.4450418e+000  5.9725637e+000
  6.0125484e+000  5.6407607e+000
  8.5912680e+000  7.4692624e+000
  6.6697792e+000  9.7812176e+000
  7.1762440e+000  5.0131937e+000
  5.0037886e+000  6.9131666e+000
  5.5101840e+000  6.4492639e+000
  8.0083196e+000  8.0782663e+000
  8.3996820e+000  7.1729603e+000
  6.4410373e+000  4.5818423e+000
  5.9915101e+000  8.4459055e+000
  7.4614953e+000  7.7089731e+000
  7.8068403e+000  8.4687031e+000
  5.0419550e+000  8.6143312e+000
  8.5471617e+000  5.3011276e+000
  7.7507010e+000  7.0364824e+000
  7.1928640e+000  6.3581497e+000
  6.6121210e+000  7.0364577e+000
  5.1275342e+000  6.6016461e+000
  5.7814314e+000  7.3121046e+000
  5.7753434e+000  9.1201597e+000
  6.0442953e+000  7.4471883e+000
  7.8663194e+000  8.2775910e+000
  8.1877236e+000  6.6580200e+000
  8.9266992e+000  7.4917334e+000
  6.1854857e+000  7.7738293e+000
  5.1023671e+000  9.5120821e+000
  7.0463811e+000  8.1026942e+000
  7.5979757e+000  8.3718706e+000
  8.0251864e+000  5.1857617e+000
  5.9277230e+000  9.0749415e+000
  5.2496932e+000  6.5755025e+000
  7.8032467e+000  5.8393448e+000
  7.3079823e+000  9.2074527e+000
  5.7868837e+000  6.8087834e+000
  8.2349862e+000  6.8147561e+000
  6.5752417e+000  5.7949457e+000
  6.4783611e+000  4.8445744e+000
  7.3652423e+000  6.9529335e+000
  6.5960083e+000  6.5643847e+000
  5.8720846e+000  4.5715481e+000
  8.4851171e+000  7.5302453e+000
  6.6493127e+000  5.8918879e+000
  6.8095140e+000  6.6643800e+000
  6.1044292e+000  5.9502702e+000
  7.8010665e+000  4.4259737e+000
  7.9664419e+000  7.1018798e+000
  7.7263459e+000  6.3722820e+000
  5.0258780e+000  6.3158140e+000
  6.7290242e+000  7.2488968e+000
  6.6425226e+000  5.4811890e+000
  5.4945252e+000  6.3486705e+000
  7.2937721e+000  7.3620252e+000
  7.1149808e+000  7.3523953e+000
  7.5306215e+000  5.8000490e+000
  8.8089138e+000  6.2053214e+000
  6.0439049e+000  7.7138738e+000
  5.5948772e+000  7.6045805e+000
  6.7604708e+000  8.2145511e+000
  6.2136745e+000  8.5879644e+000
  7.4093186e+000  6.2310248e+000
  8.2409366e+000  3.8968475e+000
  8.6554383e+000  6.5211249e+000
  5.9840212e+000  6.9305683e+000
  8.4433481e+000  7.3843230e+000
  9.6035445e+000  7.6579483e+000
  7.0985563e+000  7.5840876e+000
  5.5581956e+000  7.2544186e+000
  5.2435293e+000  6.1181826e+000
  7.0085812e+000  6.5298985e+000
  7.7679395e+000  7.1264832e+000
  5.9753265e+000  7.3178739e+000
  7.1209849e+000  7.4888288e+000
  8.9428855e+000  7.4109384e+000
  5.2684256e+000  7.7809984e+000
  6.7787376e+000  7.5061572e+000
  7.8594346e+000  7.3229128e+000
  5.6261607e+000  6.8445186e+000
  6.4049329e+000  5.4378912e+000
  6.2730372e+000  8.5938822e+000
  7.3801908e+000  8.3600784e+000
  7.2349762e+000  8.0977312e+000
