  1.0971906e+001  1.1107279e+001
  1.1475772e+001  1.0657695e+001
  1.1826400e+001  1.0280635e+001
  1.1263441e+001  1.1573635e+001
  1.0188489e+001  1.0217965e+001
  1.1514834e+001  1.0983762e+001
  1.0282388e+001  9.8305814e+000
  1.0460890e+001  1.0398261e+001
  1.0879464e+001  1.0538119e+001
  1.0651252e+001  1.0971807e+001
  1.1146386e+001  1.1487759e+001
  1.0474483e+001  1.0432156e+001
  1.1485900e+001  1.2028771e+001
  1.1503638e+001  1.1229364e+001
  1.0462753e+001  1.0853192e+001
  1.1208382e+001  1.0743658e+001
  1.1587540e+001  1.2277214e+001
  1.1677642e+001  1.0395517e+001
  1.2549510e+001  1.2151960e+001
  1.1470396e+001  1.1595249e+001
  1.2909685e+001  1.0958524e+001
  1.1104448e+001  1.1183385e+001
  1.1286325e+001  9.7618129e+000
  9.3640803e+000  1.0510977e+001
  1.2394043e+001  1.0684894e+001
  1.0847169e+001  1.1852537e+001
  1.1025112e+001  1.1978151e+001
  1.1086426e+001  1.1493629e+001
  1.1395267e+001  1.0373150e+001
  9.1993763e+000  1.0133879e+001
  1.1597526e+001  1.1005897e+001
  1.0578938e+001  1.0785540e+001
  1.1233018e+001  1.1669244e+001
  1.0608736e+001  1.1367331e+001
  1.0171224e+001  1.0945613e+001
  9.9855215e+000  1.1505501e+001
  1.0126487e+001  1.0687865e+001
  1.0136147e+001  9.6574766e+000
  9.6149588e+000  1.1315202e+001
  1.0026292e+001  1.1903099e+001
  1.1721343e+001  1.2333630e+001
  1.0889403e+001  1.0972520e+001
  1.0435701e+001  1.3773442e+001
  1.0273729e+001  9.5726437e+000
  1.0988454e+001  1.0841417e+001
  1.0419592e+001  1.0475783e+001
  1.1288968e+001  1.1261830e+001
  1.2226109e+001  1.0237406e+001
  1.0935244e+001  1.1244419e+001
  1.0725219e+001  1.0523335e+001
  1.1202265e+001  1.0465616e+001
  1.1323769e+001  1.0691984e+001
  1.0371210e+001  1.1097912e+001
  1.1298126e+001  1.0735697e+001
  1.0868393e+001  1.0480432e+001
  1.1484679e+001  1.1247793e+001
  1.0166113e+001  1.0528731e+001
  1.2164894e+001  9.6451277e+000
  1.1174690e+001  1.1651519e+001
  1.2140297e+001  9.8783728e+000
  1.0937197e+001  1.0743797e+001
  1.0313496e+001  1.1220741e+001
  1.1164220e+001  1.1496869e+001
  1.0638842e+001  9.4477723e+000
  9.9188942e+000  1.0638139e+001
  1.0710280e+001  1.0257016e+001
  1.0640061e+001  1.2261916e+001
  1.1379448e+001  1.0938998e+001
  1.0630387e+001  1.1793123e+001
  1.0344574e+001  1.0684079e+001
  1.1371852e+001  1.0690003e+001
  1.0733857e+001  1.1229945e+001
  1.1424635e+001  1.1738392e+001
  1.1288877e+001  1.1050526e+001
  1.0972242e+001  1.1348041e+001
  1.0646317e+001  1.1797427e+001
  1.1629993e+001  1.0957523e+001
  1.0548772e+001  1.0007947e+001
  1.1174231e+001  1.1085688e+001
  1.0756623e+001  9.9642755e+000
  1.1543485e+001  1.1286550e+001
  1.0924104e+001  1.1860024e+001
  1.0044051e+001  1.1345717e+001
  1.1249319e+001  1.1169179e+001
  1.1564241e+001  1.1955930e+001
  9.1650683e+000  1.0524557e+001
  1.1146817e+001  1.1430417e+001
  1.1882751e+001  1.0325323e+001
  1.0873429e+001  1.0965973e+001
  1.1265667e+001  1.0665723e+001
  1.0417704e+001  1.0171464e+001
  1.1041624e+001  1.0099441e+001
  1.1298342e+001  1.1675749e+001
  1.1120508e+001  1.1543405e+001
  1.0696445e+001  9.9838686e+000
  1.1417781e+001  1.1089668e+001
  1.1823200e+001  1.0707244e+001
  1.1112158e+001  1.1718056e+001
  1.0959798e+001  1.0641766e+001
  1.0449909e+001  1.0653862e+001
  1.1472666e+001  1.1246937e+001
  1.0404192e+001  1.0906621e+001
  1.1468442e+001  1.0836426e+001
  1.2521721e+001  1.0154009e+001
  1.0179037e+001  9.8082553e+000
  9.8255841e+000  1.1857399e+001
  1.0166127e+001  1.0707906e+001
  1.0183931e+001  9.7496814e+000
  1.1832989e+001  1.1223371e+001
  1.1262792e+001  1.2569445e+001
  1.1581998e+001  1.1198242e+001
  1.1098654e+001  1.1543481e+001
  1.0753376e+001  1.1169808e+001
  1.0736003e+001  1.1303885e+001
  1.0930077e+001  1.1262005e+001
  1.1568936e+001  1.1010460e+001
  1.0697063e+001  1.0230083e+001
  1.1326135e+001  1.1803389e+001
  1.0119423e+001  1.0415233e+001
  1.1359214e+001  1.1685209e+001
  1.0989673e+001  1.1569475e+001
  1.0584530e+001  1.0855826e+001
  1.0975216e+001  1.1817448e+001
  1.0530956e+001  1.1373392e+001
  9.6696585e+000  1.1361548e+001
  1.2115407e+001  1.0252547e+001
  1.1251076e+001  1.1083692e+001
  1.1972651e+001  1.0319627e+001
  1.0992687e+001  1.1721869e+001
  1.2240278e+001  1.0453749e+001
  1.1582253e+001  1.1232597e+001
  1.0735301e+001  1.1128034e+001
  1.1222028e+001  1.1262063e+001
  9.8537326e+000  1.0599526e+001
  1.1353855e+001  1.1938832e+001
  1.0455665e+001  1.0643538e+001
  1.0131848e+001  1.0925803e+001
  1.1470430e+001  1.2059966e+001
  1.0830034e+001  9.9325064e+000
  1.2180751e+001  1.0023397e+001
  1.0399189e+001  1.1340164e+001
  1.0732920e+001  1.2125305e+001
  1.1358711e+001  1.0142825e+001
  1.2688040e+001  1.1046503e+001
  1.1569457e+001  1.1297078e+001
  1.0382356e+001  1.0814398e+001
  1.1690670e+001  9.5991295e+000
  1.1664684e+001  1.1142244e+001
  1.1517434e+001  1.0162470e+001
  1.1627448e+001  1.1361610e+001
  1.0072819e+001  1.2087708e+001
  9.9622449e+000  1.0332047e+001
  1.0819946e+001  1.1745395e+001
  1.0241841e+001  1.0294865e+001
  1.0688687e+001  9.3891584e+000
  1.1204153e+001  1.1441492e+001
  1.1735006e+001  9.9683020e+000
  1.0561373e+001  1.2899669e+001
  9.8019185e+000  1.1179991e+001
  1.2420214e+001  1.0459968e+001
  1.0782387e+001  1.0689904e+001
  1.1763613e+001  9.6232556e+000
  1.0503307e+001  1.1186095e+001
  1.1856208e+001  1.0789317e+001
  1.0720109e+001  1.0221197e+001
  1.0214812e+001  1.0218282e+001
  1.1342994e+001  1.1532877e+001
  1.0264402e+001  1.1606002e+001
  1.1126259e+001  1.0011553e+001
  1.0340391e+001  1.1611178e+001
  1.0477088e+001  1.0820310e+001
  1.1290483e+001  1.1378882e+001
  1.2232246e+001  1.1655382e+001
  1.2051515e+001  1.0943290e+001
  1.1406846e+001  1.1233502e+001
  1.0740045e+001  1.0938328e+001
  1.0827729e+001  1.1087197e+001
  1.0887860e+001  1.1539928e+001
  1.0853112e+001  9.9414096e+000
  1.0258677e+001  9.9549194e+000
  1.1310161e+001  1.0124641e+001
  1.1341635e+001  1.1153418e+001
  1.1042797e+001  1.1176357e+001
  1.1333978e+001  1.1533165e+001
  1.1558336e+001  1.0550848e+001
  1.2610906e+001  1.1153046e+001
  1.1290990e+001  1.1314335e+001
  1.1617504e+001  1.1455115e+001
  1.0898205e+001  1.2077688e+001
  1.0299473e+001  1.1047641e+001
  1.0143482e+001  1.0641816e+001
  1.0495274e+001  1.0974954e+001
  1.0014307e+001  1.1773063e+001
  9.7149729e+000  1.2348111e+001
  9.4709720e+000  1.1034247e+001
  1.0366804e+001  1.0965503e+001
  1.0882335e+001  1.1345590e+001
  9.9011659e+000  1.1159741e+001
  1.0646862e+001  1.1105754e+001
  1.1799800e+001  1.2423631e+001
  1.1687553e+001  1.1192239e+001
  1.1994641e+001  1.0904788e+001
  1.0288919e+001  1.0755846e+001
  1.1082232e+001  1.0041789e+001
  9.8129347e+000  1.0527339e+001
  1.1321539e+001  1.0202626e+001
  1.0295560e+001  1.0964786e+001
  1.1293818e+001  1.0954667e+001
  1.0925516e+001  1.1390016e+001
  1.2025779e+001  1.2970578e+001
  1.1424741e+001  1.1054224e+001
  1.0180438e+001  1.0467969e+001
  1.0585359e+001  1.0471072e+001
  1.0022313e+001  1.0638712e+001
  1.0467171e+001  1.1964459e+001
  1.1344536e+001  1.0939958e+001
  1.1268403e+001  1.1399271e+001
  1.2091928e+001  1.1116351e+001
  1.0456281e+001  1.2232813e+001
  1.1298697e+001  1.0526364e+001
  1.1938900e+001  9.7095949e+000
  1.1065616e+001  1.1762292e+001
  1.1380726e+001  1.2095878e+001
  1.2022007e+001  1.2605742e+001
  1.0940765e+001  1.1043197e+001
  9.3530494e+000  1.1521709e+001
  9.8869228e+000  1.0925852e+001
  1.0690028e+001  1.1148662e+001
  1.2160864e+001  1.1818494e+001
  1.1791612e+001  1.0720300e+001
  1.0729815e+001  1.1874937e+001
  1.0749414e+001  1.2251892e+001
  9.7999681e+000  1.1422118e+001
  1.2059913e+001  1.2125724e+001
  1.1980496e+001  1.0062260e+001
  1.1327372e+001  1.0731650e+001
  1.0420681e+001  1.1146051e+001
  1.0367463e+001  1.0559352e+001
  1.1655707e+001  1.1803897e+001
  1.0853178e+001  1.1389624e+001
  1.0120768e+001  1.1474983e+001
  1.0748301e+001  1.0386655e+001
  1.0167615e+001  1.0856040e+001
  1.0935128e+001  1.1426849e+001
  1.1029727e+001  1.0877602e+001
  1.0506730e+001  1.0754697e+001
  1.0599902e+001  1.0076914e+001
  1.0518879e+001  1.1282776e+001
  1.1225564e+001  1.1774967e+001
  1.0508563e+001  1.0820857e+001
  1.1920376e+001  1.1330412e+001
  1.1405678e+001  1.1091048e+001
  1.0096339e+001  1.0920120e+001
  1.0545805e+001  1.1640270e+001
  1.0265866e+001  1.1531466e+001
  9.9615175e+000  1.1105250e+001
  9.7742390e+000  1.0498652e+001
  1.0344824e+001  1.0604916e+001
  1.0955147e+001  1.0883252e+001
  1.0485586e+001  1.1392376e+001
  1.2443568e+001  1.2627907e+001
  1.1218250e+001  1.1050869e+001
  1.1556229e+001  1.0003080e+001
  1.1176564e+001  1.0868150e+001
  1.0531017e+001  9.9195642e+000
  1.1321915e+001  1.0207729e+001
  1.2220758e+001  1.2042999e+001
  1.0816766e+001  1.0079399e+001
  1.0193385e+001  1.0822866e+001
  1.1776441e+001  1.2693686e+001
  1.1247610e+001  1.0753572e+001
  1.1343878e+001  1.0926235e+001
  1.1542348e+001  1.1038376e+001
  1.2369590e+001  1.2473030e+001
  1.0716036e+001  1.1685433e+001
  1.0928449e+001  1.1419098e+001
  1.1428812e+001  1.1498491e+001
  1.1964502e+001  1.0809682e+001
  1.0525683e+001  1.0519069e+001
  9.7295094e+000  1.0997170e+001
  1.1010317e+001  1.0838564e+001
  1.0535818e+001  1.0942721e+001
  1.1719567e+001  1.1290829e+001
  1.0189474e+001  9.6406826e+000
  1.0096400e+001  1.1227244e+001
  1.1218225e+001  1.1568134e+001
  1.0073810e+001  1.0500544e+001
  1.1112156e+001  1.1488950e+001
  1.1106882e+001  1.2180042e+001
  1.3482800e+001  9.4422809e+000
  1.1860448e+001  1.0931040e+001
  1.1579274e+001  1.2100340e+001
  1.0242038e+001  1.0795703e+001
  9.5589471e+000  9.9711968e+000
  1.1586307e+001  1.1306922e+001
  1.2814942e+001  1.1320785e+001
  9.8152517e+000  1.1518393e+001
  1.0799850e+001  1.1502251e+001
  1.0632178e+001  1.1049209e+001
  1.1551402e+001  1.0714507e+001
  1.1706128e+001  1.0486903e+001
  1.1432223e+001  1.0499790e+001
  1.1281206e+001  1.0270162e+001
  1.0739787e+001  1.1665626e+001
  1.1341401e+001  1.1553877e+001
  1.0587989e+001  1.0605568e+001
  1.1302444e+001  1.0894752e+001
  1.0044199e+001  9.5813986e+000
  1.0810317e+001  1.0351426e+001
  1.0940535e+001  1.0096356e+001
  1.1019647e+001  9.1894557e+000
  1.1206495e+001  1.0012396e+001
  1.1104457e+001  1.1007491e+001
  1.0798544e+001  1.1574317e+001
  1.1772757e+001  9.7101034e+000
  1.0654348e+001  1.0373397e+001
  1.1157102e+001  1.0820994e+001
  9.4936184e+000  1.1364644e+001
  1.2250882e+001  1.1342975e+001
  1.1094300e+001  1.0839981e+001
  1.1234975e+001  1.0109658e+001
  1.1623627e+001  1.2029126e+001
  1.0823873e+001  1.1231084e+001
  1.0670820e+001  1.1943593e+001
  1.1395034e+001  1.0831589e+001
  1.1339652e+001  1.0454714e+001
  1.1245324e+001  1.0857072e+001
  1.0904143e+001  1.1421891e+001
  1.0348885e+001  1.1058275e+001
  1.1278040e+001  1.0111321e+001
  1.0243710e+001  1.1218927e+001
  1.1050266e+001  1.0383173e+001
  1.0642325e+001  1.0764018e+001
  1.0495330e+001  1.0789823e+001
